1.0,0.29577464788732394,0.2937062937062937,0.26865671641791045,0.25,0.35074626865671643,0.32061068702290074,0.3422818791946309,0.15151515151515152,0.2396694214876033,0.3465346534653465,0.21649484536082475,0.20512820512820512,0.3125,0.3125,0.3082706766917293,0.2727272727272727,0.2604166666666667,0.2625,0.25517241379310346,0.2949640287769784,0.37815126050420167,0.22429906542056074,0.21100917431192662,0.196,0.2631578947368421,0.25153374233128833,0.21212121212121213,0.22274881516587677,0.2,0.23076923076923078,0.2679738562091503,0.23478260869565218,0.2457627118644068,0.19718309859154928,0.24210526315789474,0.21428571428571427,0.2709677419354839,0.2,0.2706766917293233,0.3235294117647059,0.271523178807947,0.27647058823529413,0.29605263157894735,0.27350427350427353,0.2679738562091503,0.1414141414141414,0.3557692307692308,0.21787709497206703,0.24778761061946902,0.26229508196721313,0.2396694214876033,0.32231404958677684,0.2283464566929134,0.26,0.25984251968503935,0.21052631578947367,0.2773722627737226,0.3137254901960784,0.3177570093457944,0.25,0.2831858407079646,0.24285714285714285,0.28,0.27419354838709675,0.30434782608695654,0.29069767441860467,0.2054794520547945,0.2634730538922156,0.2389937106918239,0.22448979591836735,0.2727272727272727,0.23026315789473684,0.2807017543859649,0.2692307692307692,0.2549019607843137,0.28888888888888886
0.29577464788732394,1.0,0.35507246376811596,0.3230769230769231,0.24666666666666667,0.35555555555555557,0.30597014925373134,0.36486486486486486,0.13725490196078433,0.22580645161290322,0.3269230769230769,0.21212121212121213,0.21019108280254778,0.3492063492063492,0.33858267716535434,0.3643410852713178,0.3,0.23,0.3076923076923077,0.3049645390070922,0.3284671532846715,0.4067796610169492,0.30049261083743845,0.23148148148148148,0.270042194092827,0.3287671232876712,0.32051282051282054,0.2422907488986784,0.27450980392156865,0.27,0.27631578947368424,0.2727272727272727,0.3090909090909091,0.28448275862068967,0.22966507177033493,0.25,0.2545454545454545,0.3092105263157895,0.22388059701492538,0.3464566929133858,0.3564356435643564,0.2847682119205298,0.35185185185185186,0.34459459459459457,0.32456140350877194,0.3333333333333333,0.18556701030927836,0.375,0.28654970760233917,0.2543859649122807,0.3684210526315789,0.2773109243697479,0.3728813559322034,0.264,0.31958762886597936,0.3064516129032258,0.24427480916030533,0.3511450381679389,0.32038834951456313,0.3364485981308411,0.3310810810810811,0.32432432432432434,0.3233082706766917,0.3,0.28,0.34814814814814815,0.36585365853658536,0.25471698113207547,0.35668789808917195,0.2922077922077922,0.29411764705882354,0.28,0.2945205479452055,0.28695652173913044,0.38016528925619836,0.2621359223300971,0.2846715328467153
0.2937062937062937,0.35507246376811596,1.0,0.32061068702290074,0.22077922077922077,0.3333333333333333,0.3233082706766917,0.3443708609271523,0.13592233009708737,0.21428571428571427,0.3113207547169811,0.18627450980392157,0.19375,0.3053435114503817,0.2857142857142857,0.37209302325581395,0.2661290322580645,0.2653061224489796,0.2654320987654321,0.2847222222222222,0.2978723404255319,0.40336134453781514,0.2619047619047619,0.22477064220183487,0.24793388429752067,0.3541666666666667,0.34415584415584416,0.23580786026200873,0.2731707317073171,0.2561576354679803,0.25,0.3221476510067114,0.29464285714285715,0.2605042016806723,0.205607476635514,0.2604166666666667,0.21929824561403508,0.2987012987012987,0.20437956204379562,0.34375,0.35294117647058826,0.2913907284768212,0.3333333333333333,0.3333333333333333,0.29914529914529914,0.31333333333333335,0.1717171717171717,0.37142857142857144,0.2774566473988439,0.25217391304347825,0.3652173913043478,0.23387096774193547,0.39316239316239315,0.25196850393700787,0.30303030303030304,0.29365079365079366,0.23308270676691728,0.31851851851851853,0.3173076923076923,0.3211009174311927,0.31125827814569534,0.28695652173913044,0.3111111111111111,0.31,0.2777777777777778,0.37593984962406013,0.3081395348837209,0.25943396226415094,0.3128834355828221,0.27388535031847133,0.2789473684210526,0.2647058823529412,0.2751677852348993,0.28448275862068967,0.3333333333333333,0.25961538461538464,0.2826086956521739
0.26865671641791045,0.3230769230769231,0.32061068702290074,1.0,0.2357142857142857,0.3203125,0.3089430894308943,0.3333333333333333,0.14606741573033707,0.22123893805309736,0.3333333333333333,0.23255813953488372,0.21379310344827587,0.3,0.31092436974789917,0.32786885245901637,0.3148148148148148,0.2823529411764706,0.28378378378378377,0.33858267716535434,0.2824427480916031,0.3944954128440367,0.21951219512195122,0.22926829268292684,0.22127659574468084,0.2857142857142857,0.271523178807947,0.2072072072072072,0.24873096446700507,0.23076923076923078,0.25874125874125875,0.2727272727272727,0.32653061224489793,0.27358490566037735,0.20297029702970298,0.2619047619047619,0.24,0.2937062937062937,0.20967741935483872,0.30833333333333335,0.3516483516483517,0.2949640287769784,0.3057324840764331,0.37037037037037035,0.3173076923076923,0.3,0.1744186046511628,0.35789473684210527,0.3037974683544304,0.29,0.36538461538461536,0.26605504587155965,0.3333333333333333,0.2743362831858407,0.3103448275862069,0.30973451327433627,0.20161290322580644,0.2734375,0.35555555555555557,0.3723404255319149,0.2887323943661972,0.2912621359223301,0.2857142857142857,0.3333333333333333,0.3153153153153153,0.3228346456692913,0.2727272727272727,0.22926829268292684,0.34459459459459457,0.2671232876712329,0.2596685082872928,0.35714285714285715,0.2962962962962963,0.30097087378640774,0.2966101694915254,0.30337078651685395,0.265625
0.25,0.24666666666666667,0.22077922077922077,0.2357142857142857,1.0,0.2689655172413793,0.24822695035460993,0.25308641975308643,0.13592233009708737,0.21428571428571427,0.27522935779816515,0.19801980198019803,0.17177914110429449,0.25735294117647056,0.24817518248175183,0.24647887323943662,0.2265625,0.20388349514563106,0.2275449101796407,0.1935483870967742,0.22818791946308725,0.29457364341085274,0.17777777777777778,0.18141592920353983,0.15267175572519084,0.2037037037037037,0.19653179190751446,0.1598360655737705,0.18099547511312217,0.16972477064220184,0.18902439024390244,0.2236024844720497,0.23931623931623933,0.2396694214876033,0.15178571428571427,0.19801980198019803,0.21929824561403508,0.2345679012345679,0.18705035971223022,0.22857142857142856,0.2777777777777778,0.22641509433962265,0.2222222222222222,0.2422360248447205,0.23577235772357724,0.2085889570552147,0.16,0.2631578947368421,0.20108695652173914,0.22033898305084745,0.2661290322580645,0.2047244094488189,0.24427480916030533,0.1865671641791045,0.2403846153846154,0.22556390977443608,0.20588235294117646,0.22758620689655173,0.29245283018867924,0.2743362831858407,0.2073170731707317,0.21311475409836064,0.22916666666666666,0.24761904761904763,0.22900763358778625,0.2534246575342466,0.20967741935483872,0.1762114537444934,0.22285714285714286,0.21212121212121213,0.16826923076923078,0.2403846153846154,0.21794871794871795,0.22131147540983606,0.21739130434782608,0.22429906542056074,0.20408163265306123
0.35074626865671643,0.35555555555555557,0.3333333333333333,0.3203125,0.2689655172413793,1.0,0.3543307086614173,0.41134751773049644,0.15306122448979592,0.24166666666666667,0.37755102040816324,0.24468085106382978,0.21428571428571427,0.3467741935483871,0.39166666666666666,0.3951612903225806,0.31896551724137934,0.2631578947368421,0.3223684210526316,0.3115942028985507,0.3358208955223881,0.4298245614035088,0.2608695652173913,0.2583732057416268,0.24686192468619247,0.3356643356643357,0.3096774193548387,0.25675675675675674,0.2660098522167488,0.24875621890547264,0.2733333333333333,0.3310344827586207,0.3177570093457944,0.30357142857142855,0.22705314009661837,0.25806451612903225,0.2616822429906542,0.32432432432432434,0.2196969696969697,0.3228346456692913,0.3673469387755102,0.2905405405405405,0.3670886075949367,0.3706293706293706,0.30973451327433627,0.3402777777777778,0.19148936170212766,0.3592233009708738,0.3151515151515151,0.2727272727272727,0.36607142857142855,0.2627118644067797,0.39473684210526316,0.27049180327868855,0.3020833333333333,0.3140495867768595,0.22137404580152673,0.29850746268656714,0.33,0.3592233009708738,0.3197278911564626,0.34579439252336447,0.3106060606060606,0.30927835051546393,0.31932773109243695,0.3984375,0.3313253012048193,0.2583732057416268,0.36363636363636365,0.2894736842105263,0.27807486631016043,0.3020833333333333,0.2827586206896552,0.2719298245614035,0.3225806451612903,0.27,0.291044776119403
0.32061068702290074,0.30597014925373134,0.3233082706766917,0.3089430894308943,0.24822695035460993,0.3543307086614173,1.0,0.34507042253521125,0.15384615384615385,0.25892857142857145,0.35106382978723405,0.26744186046511625,0.20945945945945946,0.3140495867768595,0.358974358974359,0.34146341463414637,0.2608695652173913,0.2727272727272727,0.26143790849673204,0.2446043165467626,0.27611940298507465,0.38392857142857145,0.21634615384615385,0.20853080568720378,0.20833333333333334,0.27972027972027974,0.25806451612903225,0.21524663677130046,0.22660098522167488,0.22727272727272727,0.2620689655172414,0.2937062937062937,0.27884615384615385,0.2897196261682243,0.21182266009852216,0.2823529411764706,0.22115384615384615,0.2789115646258503,0.2047244094488189,0.2903225806451613,0.3548387096774194,0.2708333333333333,0.3081761006289308,0.2876712328767123,0.2962962962962963,0.2847222222222222,0.15555555555555556,0.375,0.26666666666666666,0.2692307692307692,0.3063063063063063,0.25892857142857145,0.336283185840708,0.2457627118644068,0.3146067415730337,0.2796610169491525,0.2459016393442623,0.27692307692307694,0.3157894736842105,0.3333333333333333,0.2483221476510067,0.3076923076923077,0.27906976744186046,0.33707865168539325,0.33035714285714285,0.3359375,0.26785714285714285,0.22009569377990432,0.27848101265822783,0.2702702702702703,0.2554347826086957,0.3,0.2535211267605634,0.3047619047619048,0.2892561983471074,0.25263157894736843,0.2890625
0.3422818791946309,0.36486486486486486,0.3443708609271523,0.3333333333333333,0.25308641975308643,0.41134751773049644,0.34507042253521125,1.0,0.13793103448275862,0.23529411764705882,0.3391304347826087,0.1826086956521739,0.19767441860465115,0.34782608695652173,0.34782608695652173,0.381294964028777,0.3230769230769231,0.20869565217391303,0.3333333333333333,0.35135135135135137,0.32,0.4108527131782946,0.3145539906103286,0.2995391705069124,0.2938775510204082,0.3815789473684211,0.35365853658536583,0.2956521739130435,0.3142857142857143,0.2980769230769231,0.2883435582822086,0.325,0.3008130081300813,0.2890625,0.2465753424657534,0.22522522522522523,0.232,0.3271604938271605,0.2080536912751678,0.34532374100719426,0.31896551724137934,0.37254901960784315,0.40718562874251496,0.4144736842105263,0.336,0.358974358974359,0.14912280701754385,0.325,0.3111111111111111,0.2619047619047619,0.3870967741935484,0.2727272727272727,0.44715447154471544,0.27941176470588236,0.2743362831858407,0.3088235294117647,0.23448275862068965,0.2866666666666667,0.3103448275862069,0.325,0.3741935483870968,0.31451612903225806,0.2972972972972973,0.2920353982300885,0.3233082706766917,0.45588235294117646,0.3793103448275862,0.323943661971831,0.4049079754601227,0.27976190476190477,0.3230769230769231,0.2631578947368421,0.3057324840764331,0.25190839694656486,0.30714285714285716,0.25862068965517243,0.2631578947368421
0.15151515151515152,0.13725490196078433,0.13592233009708737,0.14606741573033707,0.13592233009708737,0.15306122448979592,0.15384615384615385,0.13793103448275862,1.0,0.22388059701492538,0.2830188679245283,0.25,0.12149532710280374,0.14942528735632185,0.17647058823529413,0.17777777777777778,0.19444444444444445,0.325,0.10743801652892562,0.14,0.14285714285714285,0.2,0.08379888268156424,0.07692307692307693,0.06451612903225806,0.11711711711711711,0.11475409836065574,0.07614213197969544,0.08571428571428572,0.08235294117647059,0.11711711711711711,0.13513513513513514,0.1935483870967742,0.19696969696969696,0.0872093023255814,0.25,0.19298245614035087,0.11206896551724138,0.16049382716049382,0.1348314606741573,0.24074074074074073,0.11711711711711711,0.1037037037037037,0.12173913043478261,0.22727272727272727,0.13513513513513514,0.3235294117647059,0.21666666666666667,0.1111111111111111,0.21666666666666667,0.19444444444444445,0.18840579710144928,0.19480519480519481,0.14285714285714285,0.28888888888888886,0.1794871794871795,0.17721518987341772,0.13829787234042554,0.2222222222222222,0.21666666666666667,0.13392857142857142,0.2222222222222222,0.15217391304347827,0.2765957446808511,0.18421052631578946,0.15463917525773196,0.1079136690647482,0.08287292817679558,0.10852713178294573,0.11206896551724138,0.10256410256410256,0.28888888888888886,0.13333333333333333,0.2,0.18292682926829268,0.2765957446808511,0.1276595744680851
0.2396694214876033,0.22580645161290322,0.21428571428571427,0.22123893805309736,0.21428571428571427,0.24166666666666667,0.25892857142857145,0.23529411764705882,0.22388059701492538,1.0,0.35064935064935066,0.30303030303030304,0.19083969465648856,0.23636363636363636,0.3076923076923077,0.25663716814159293,0.2708333333333333,0.2898550724637681,0.19718309859154928,0.18110236220472442,0.21311475409836064,0.2571428571428571,0.15577889447236182,0.14285714285714285,0.12658227848101267,0.19402985074626866,0.20279720279720279,0.14285714285714285,0.15306122448979592,0.164021164021164,0.20300751879699247,0.2,0.25,0.21052631578947367,0.14358974358974358,0.2835820895522388,0.2235294117647059,0.20437956204379562,0.22641509433962265,0.22321428571428573,0.35526315789473684,0.19402985074626866,0.1858974358974359,0.2222222222222222,0.2717391304347826,0.19117647058823528,0.22727272727272727,0.3625,0.18471337579617833,0.23863636363636365,0.2708333333333333,0.20408163265306123,0.28,0.20388349514563106,0.323943661971831,0.26732673267326734,0.205607476635514,0.2222222222222222,0.3246753246753247,0.2976190476190476,0.2074074074074074,0.25555555555555554,0.23478260869565218,0.2972972972972973,0.26,0.2542372881355932,0.1875,0.1658291457286432,0.19333333333333333,0.20437956204379562,0.1751412429378531,0.3055555555555556,0.2204724409448819,0.26666666666666666,0.26666666666666666,0.28,0.21367521367521367
0.3465346534653465,0.3269230769230769,0.3113207547169811,0.3333333333333333,0.27522935779816515,0.37755102040816324,0.35106382978723405,0.3391304347826087,0.2830188679245283,0.35064935064935066,1.0,0.3584905660377358,0.26785714285714285,0.35555555555555557,0.4186046511627907,0.391304347826087,0.42105263157894735,0.4423076923076923,0.2786885245901639,0.29523809523809524,0.2761904761904762,0.40476190476190477,0.21348314606741572,0.18478260869565216,0.17674418604651163,0.26956521739130435,0.27419354838709675,0.19387755102040816,0.21839080459770116,0.2046783625730994,0.2807017543859649,0.2982456140350877,0.4117647058823529,0.32894736842105265,0.20114942528735633,0.4117647058823529,0.30434782608695654,0.3017241379310345,0.27472527472527475,0.3225806451612903,0.5344827586206896,0.2920353982300885,0.29545454545454547,0.3482142857142857,0.35526315789473684,0.28695652173913044,0.2641509433962264,0.484375,0.23741007194244604,0.39705882352941174,0.38461538461538464,0.31645569620253167,0.4074074074074074,0.27906976744186046,0.40350877192982454,0.35714285714285715,0.29213483146067415,0.30303030303030304,0.5172413793103449,0.4393939393939394,0.27350427350427353,0.375,0.31958762886597936,0.43859649122807015,0.3493975903614458,0.34,0.2571428571428571,0.21787709497206703,0.2992125984251969,0.24793388429752067,0.24358974358974358,0.42857142857142855,0.34285714285714286,0.4084507042253521,0.367816091954023,0.41379310344827586,0.31958762886597936
0.21649484536082475,0.21212121212121213,0.18627450980392157,0.23255813953488372,0.19801980198019803,0.24468085106382978,0.26744186046511625,0.1826086956521739,0.25,0.30303030303030304,0.3584905660377358,1.0,0.20388349514563106,0.3,0.3,0.27906976744186046,0.2857142857142857,0.35714285714285715,0.1896551724137931,0.20408163265306123,0.23404255319148937,0.26582278481012656,0.125,0.12359550561797752,0.10849056603773585,0.1743119266055046,0.16666666666666666,0.11917098445595854,0.12790697674418605,0.13253012048192772,0.19626168224299065,0.18181818181818182,0.2786885245901639,0.27692307692307694,0.13690476190476192,0.42105263157894735,0.3090909090909091,0.17699115044247787,0.2564102564102564,0.22093023255813954,0.39215686274509803,0.20754716981132076,0.17692307692307693,0.1981981981981982,0.2878787878787879,0.2037037037037037,0.32432432432432434,0.375,0.15789473684210525,0.24193548387096775,0.30434782608695654,0.2835820895522388,0.2631578947368421,0.22666666666666666,0.37777777777777777,0.21518987341772153,0.2597402597402597,0.23333333333333334,0.4,0.3508771929824561,0.19090909090909092,0.2857142857142857,0.2222222222222222,0.4222222222222222,0.2702702702702703,0.24731182795698925,0.16176470588235295,0.12359550561797752,0.176,0.1981981981981982,0.14285714285714285,0.4418604651162791,0.20588235294117646,0.24242424242424243,0.24691358024691357,0.3333333333333333,0.23595505617977527
0.20512820512820512,0.21019108280254778,0.19375,0.21379310344827587,0.17177914110429449,0.21428571428571427,0.20945945945945946,0.19767441860465115,0.12149532710280374,0.19083969465648856,0.26785714285714285,0.20388349514563106,1.0,0.23404255319148937,0.22535211267605634,0.22448979591836735,0.22137404580152673,0.20952380952380953,0.19540229885057472,0.18238993710691823,0.2,0.24087591240875914,0.15021459227467812,0.13445378151260504,0.13382899628252787,0.17857142857142858,0.16666666666666666,0.1349206349206349,0.15283842794759825,0.16216216216216217,0.17857142857142858,0.16279069767441862,0.2032520325203252,0.2047244094488189,0.13973799126637554,0.22772277227722773,0.18333333333333332,0.18023255813953487,0.17482517482517482,0.19047619047619047,0.25892857142857145,0.1927710843373494,0.18617021276595744,0.20118343195266272,0.2109375,0.19047619047619047,0.13333333333333333,0.2564102564102564,0.16666666666666666,0.20491803278688525,0.19402985074626866,0.2,0.22058823529411764,0.17391304347826086,0.21100917431192662,0.19424460431654678,0.19285714285714287,0.22297297297297297,0.25,0.2564102564102564,0.1893491124260355,0.208,0.19205298013245034,0.22935779816513763,0.22388059701492538,0.2236842105263158,0.1875,0.1440677966101695,0.19230769230769232,0.19411764705882353,0.18269230769230768,0.2336448598130841,0.17682926829268292,0.20634920634920634,0.22142857142857142,0.17543859649122806,0.2
0.3125,0.3492063492063492,0.3053435114503817,0.3,0.25735294117647056,0.3467741935483871,0.3140495867768595,0.34782608695652173,0.14942528735632185,0.23636363636363636,0.35555555555555557,0.3,0.23404255319148937,1.0,0.3391304347826087,0.36752136752136755,0.34615384615384615,0.2891566265060241,0.3055555555555556,0.2923076923076923,0.3387096774193548,0.3888888888888889,0.25888324873096447,0.2315270935960591,0.21794871794871795,0.3383458646616541,0.3013698630136986,0.20361990950226244,0.24489795918367346,0.26595744680851063,0.2805755395683453,0.2413793103448276,0.30612244897959184,0.33,0.21105527638190955,0.2839506172839506,0.28421052631578947,0.2978723404255319,0.2542372881355932,0.33620689655172414,0.39080459770114945,0.3383458646616541,0.3181818181818182,0.31654676258992803,0.36363636363636365,0.3333333333333333,0.1927710843373494,0.3956043956043956,0.2830188679245283,0.29591836734693877,0.37254901960784315,0.29523809523809524,0.37735849056603776,0.2909090909090909,0.3493975903614458,0.30357142857142855,0.2672413793103448,0.3305785123966942,0.4117647058823529,0.3655913978494624,0.33088235294117646,0.32323232323232326,0.32231404958677684,0.3411764705882353,0.3211009174311927,0.4188034188034188,0.27607361963190186,0.2315270935960591,0.29605263157894735,0.2887323943661972,0.25555555555555554,0.3333333333333333,0.33076923076923076,0.3069306930693069,0.3130434782608696,0.26666666666666666,0.25984251968503935
0.3125,0.33858267716535434,0.2857142857142857,0.31092436974789917,0.24817518248175183,0.39166666666666666,0.358974358974359,0.34782608695652173,0.17647058823529413,0.3076923076923077,0.4186046511627907,0.3,0.22535211267605634,0.3391304347826087,1.0,0.3559322033898305,0.34615384615384615,0.3048780487804878,0.35251798561151076,0.2727272727272727,0.296875,0.3888888888888889,0.24623115577889448,0.24378109452736318,0.22317596566523606,0.2898550724637681,0.2751677852348993,0.23148148148148148,0.24489795918367346,0.25925925925925924,0.2898550724637681,0.2857142857142857,0.31958762886597936,0.26666666666666666,0.21105527638190955,0.2839506172839506,0.2708333333333333,0.2978723404255319,0.2542372881355932,0.3025210084033613,0.4069767441860465,0.2805755395683453,0.3355263157894737,0.3656716417910448,0.3235294117647059,0.3333333333333333,0.2073170731707317,0.3956043956043956,0.3076923076923077,0.2828282828282828,0.34615384615384615,0.25925925925925924,0.35185185185185186,0.24561403508771928,0.3176470588235294,0.3153153153153153,0.2564102564102564,0.3089430894308943,0.34831460674157305,0.3804347826086957,0.302158273381295,0.31,0.3008130081300813,0.32558139534883723,0.3333333333333333,0.3949579831932773,0.3,0.24378109452736318,0.3310810810810811,0.2887323943661972,0.2840909090909091,0.3333333333333333,0.27205882352941174,0.32,0.336283185840708,0.29545454545454547,0.3333333333333333
0.3082706766917293,0.3643410852713178,0.37209302325581395,0.32786885245901637,0.24647887323943662,0.3951612903225806,0.34146341463414637,0.381294964028777,0.17777777777777778,0.25663716814159293,0.391304347826087,0.27906976744186046,0.22448979591836735,0.36752136752136755,0.3559322033898305,1.0,0.32727272727272727,0.2696629213483146,0.30201342281879195,0.29850746268656714,0.34375,0.45794392523364486,0.2512315270935961,0.24878048780487805,0.2543103448275862,0.3142857142857143,0.31543624161073824,0.25925925925925924,0.26903553299492383,0.26424870466321243,0.3237410071942446,0.3191489361702128,0.28846153846153844,0.29906542056074764,0.235,0.26436781609195403,0.23076923076923078,0.32167832167832167,0.2222222222222222,0.319672131147541,0.4111111111111111,0.3237410071942446,0.35714285714285715,0.3597122302158273,0.34285714285714286,0.3381294964028777,0.16666666666666666,0.3854166666666667,0.32075471698113206,0.2912621359223301,0.46,0.2909090909090909,0.44761904761904764,0.28695652173913044,0.37209302325581395,0.34513274336283184,0.2644628099173554,0.35772357723577236,0.4,0.35714285714285715,0.3357142857142857,0.3431372549019608,0.3387096774193548,0.3333333333333333,0.35135135135135137,0.4214876033057851,0.3048780487804878,0.26108374384236455,0.3443708609271523,0.32167832167832167,0.29608938547486036,0.3258426966292135,0.30656934306569344,0.2897196261682243,0.35344827586206895,0.2765957446808511,0.30708661417322836
0.2727272727272727,0.3,0.2661290322580645,0.3148148148148148,0.2265625,0.31896551724137934,0.2608695652173913,0.3230769230769231,0.19444444444444445,0.2708333333333333,0.42105263157894735,0.2857142857142857,0.22137404580152673,0.34615384615384615,0.34615384615384615,0.32727272727272727,1.0,0.2916666666666667,0.27007299270072993,0.29411764705882354,0.288135593220339,0.3465346534653465,0.21875,0.1919191919191919,0.1782608695652174,0.30158730158730157,0.26618705035971224,0.18309859154929578,0.22340425531914893,0.21739130434782608,0.23308270676691728,0.2116788321167883,0.3411764705882353,0.32222222222222224,0.17010309278350516,0.30434782608695654,0.2558139534883721,0.2518518518518518,0.24074074074074073,0.3055555555555556,0.38961038961038963,0.28125,0.2857142857142857,0.3203125,0.34444444444444444,0.30708661417322836,0.19718309859154928,0.3950617283950617,0.21794871794871795,0.313953488372093,0.38461538461538464,0.2708333333333333,0.3894736842105263,0.28,0.32432432432432434,0.32,0.24299065420560748,0.2782608695652174,0.39473684210526316,0.3950617283950617,0.2748091603053435,0.3146067415730337,0.26956521739130435,0.3888888888888889,0.3402061855670103,0.3217391304347826,0.2356687898089172,0.21649484536082475,0.27972027972027974,0.2426470588235294,0.2254335260115607,0.38028169014084506,0.28225806451612906,0.2967032967032967,0.3173076923076923,0.3157894736842105,0.24786324786324787
0.2604166666666667,0.23,0.2653061224489796,0.2823529411764706,0.20388349514563106,0.2631578947368421,0.2727272727272727,0.20869565217391303,0.325,0.2898550724637681,0.4423076923076923,0.35714285714285715,0.20952380952380953,0.2891566265060241,0.3048780487804878,0.2696629213483146,0.2916666666666667,1.0,0.24778761061946902,0.2604166666666667,0.23958333333333334,0.35526315789473684,0.15517241379310345,0.1340782122905028,0.13333333333333333,0.2018348623853211,0.19166666666666668,0.12307692307692308,0.14534883720930233,0.15060240963855423,0.2358490566037736,0.20909090909090908,0.3064516129032258,0.30303030303030304,0.13450292397660818,0.5,0.3392857142857143,0.21428571428571427,0.2625,0.2413793103448276,0.48,0.2358490566037736,0.21875,0.22522522522522523,0.31343283582089554,0.23148148148148148,0.3333333333333333,0.42857142857142855,0.18045112781954886,0.3559322033898305,0.32857142857142857,0.2714285714285714,0.32,0.25,0.4772727272727273,0.32,0.26582278481012656,0.25274725274725274,0.46,0.40350877192982454,0.21818181818181817,0.3333333333333333,0.2696629213483146,0.45652173913043476,0.3287671232876712,0.27956989247311825,0.20149253731343283,0.14689265536723164,0.20967741935483872,0.20353982300884957,0.16993464052287582,0.4444444444444444,0.24752475247524752,0.3076923076923077,0.2839506172839506,0.34,0.24175824175824176
0.2625,0.3076923076923077,0.2654320987654321,0.28378378378378377,0.2275449101796407,0.3223684210526316,0.26143790849673204,0.3333333333333333,0.10743801652892562,0.19718309859154928,0.2786885245901639,0.1896551724137931,0.19540229885057472,0.3055555555555556,0.35251798561151076,0.30201342281879195,0.27007299270072993,0.24778761061946902,1.0,0.3202614379084967,0.2578616352201258,0.3939393939393939,0.2876712328767123,0.22413793103448276,0.2608695652173913,0.3167701863354037,0.28735632183908044,0.21951219512195122,0.27522935779816515,0.24770642201834864,0.28484848484848485,0.23699421965317918,0.2558139534883721,0.22794117647058823,0.20614035087719298,0.21052631578947367,0.25806451612903225,0.27647058823529413,0.19736842105263158,0.30344827586206896,0.2916666666666667,0.3333333333333333,0.3620689655172414,0.34782608695652173,0.2706766917293233,0.32919254658385094,0.14655172413793102,0.319672131147541,0.32222222222222224,0.2196969696969697,0.3181818181818182,0.24087591240875914,0.31386861313868614,0.24822695035460993,0.24786324786324787,0.2765957446808511,0.20666666666666667,0.28289473684210525,0.26229508196721313,0.319672131147541,0.3271604938271605,0.24060150375939848,0.2597402597402597,0.2231404958677686,0.2805755395683453,0.3793103448275862,0.3370165745856354,0.26222222222222225,0.3508771929824561,0.2543352601156069,0.2935323383084577,0.24786324786324787,0.26993865030674846,0.23880597014925373,0.2585034013605442,0.21311475409836064,0.2356687898089172
0.25517241379310346,0.3049645390070922,0.2847222222222222,0.33858267716535434,0.1935483870967742,0.3115942028985507,0.2446043165467626,0.35135135135135137,0.14,0.18110236220472442,0.29523809523809524,0.20408163265306123,0.18238993710691823,0.2923076923076923,0.2727272727272727,0.29850746268656714,0.29411764705882354,0.2604166666666667,0.3202614379084967,1.0,0.2765957446808511,0.37815126050420167,0.24170616113744076,0.2,0.24583333333333332,0.28859060402684567,0.2911392405063291,0.19148936170212766,0.2403846153846154,0.23529411764705882,0.28,0.22012578616352202,0.25663716814159293,0.2672413793103448,0.19158878504672897,0.24210526315789474,0.21428571428571427,0.25477707006369427,0.22727272727272727,0.3,0.3106796116504854,0.30612244897959184,0.2994011976047904,0.3221476510067114,0.3185840707964602,0.3108108108108108,0.16494845360824742,0.330188679245283,0.28994082840236685,0.2702702702702703,0.3508771929824561,0.28205128205128205,0.3114754098360656,0.2786885245901639,0.2857142857142857,0.2903225806451613,0.21052631578947367,0.26811594202898553,0.30097087378640774,0.34285714285714286,0.31756756756756754,0.29464285714285715,0.27941176470588236,0.31958762886597936,0.27419354838709675,0.3235294117647059,0.27586206896551724,0.23943661971830985,0.3270440251572327,0.2468354430379747,0.2698412698412698,0.2857142857142857,0.31690140845070425,0.23728813559322035,0.2890625,0.26732673267326734,0.2517985611510791
0.2949640287769784,0.3284671532846715,0.2978723404255319,0.2824427480916031,0.22818791946308725,0.3358208955223881,0.27611940298507465,0.32,0.14285714285714285,0.21311475409836064,0.2761904761904762,0.23404255319148937,0.2,0.3387096774193548,0.296875,0.34375,0.288135593220339,0.23958333333333334,0.2578616352201258,0.2765957446808511,1.0,0.33884297520661155,0.22065727699530516,0.2186046511627907,0.1975806451612903,0.26666666666666666,0.2546583850931677,0.19827586206896552,0.21904761904761905,0.20772946859903382,0.24183006535947713,0.2631578947368421,0.2727272727272727,0.2831858407079646,0.1822429906542056,0.2608695652173913,0.22935779816513763,0.24203821656050956,0.20300751879699247,0.29457364341085274,0.33,0.2582781456953642,0.2647058823529412,0.2662337662337662,0.3008849557522124,0.271523178807947,0.15625,0.3238095238095238,0.2413793103448276,0.25225225225225223,0.3217391304347826,0.27586206896551724,0.31666666666666665,0.25203252032520324,0.30526315789473685,0.2845528455284553,0.2421875,0.27205882352941174,0.3069306930693069,0.34951456310679613,0.2866666666666667,0.3,0.2740740740740741,0.29896907216494845,0.2892561983471074,0.29927007299270075,0.2571428571428571,0.1963470319634703,0.2822085889570552,0.25,0.2268041237113402,0.2916666666666667,0.23333333333333334,0.2631578947368421,0.29365079365079366,0.24752475247524752,0.2463768115942029
0.37815126050420167,0.4067796610169492,0.40336134453781514,0.3944954128440367,0.29457364341085274,0.4298245614035088,0.38392857142857145,0.4108527131782946,0.2,0.2571428571428571,0.40476190476190477,0.26582278481012656,0.24087591240875914,0.3888888888888889,0.3888888888888889,0.45794392523364486,0.3465346534653465,0.35526315789473684,0.3939393939393939,0.37815126050420167,0.33884297520661155,1.0,0.3118279569892473,0.27461139896373055,0.2772727272727273,0.3700787401574803,0.37777777777777777,0.25961538461538464,0.2972972972972973,0.3,0.29850746268656714,0.3333333333333333,0.3333333333333333,0.34375,0.27419354838709675,0.3157894736842105,0.2967032967032967,0.3560606060606061,0.2413793103448276,0.3853211009174312,0.4268292682926829,0.359375,0.3819444444444444,0.3560606060606061,0.35051546391752575,0.408,0.20253164556962025,0.4642857142857143,0.35135135135135137,0.3225806451612903,0.46236559139784944,0.29411764705882354,0.42,0.3018867924528302,0.4025974025974026,0.33962264150943394,0.2882882882882883,0.4017857142857143,0.4146341463414634,0.4470588235294118,0.36153846153846153,0.35106382978723405,0.3333333333333333,0.41025641025641024,0.4583333333333333,0.42105263157894735,0.36,0.28125,0.40875912408759124,0.3458646616541353,0.3373493975903614,0.3670886075949367,0.31007751937984496,0.3333333333333333,0.3611111111111111,0.30952380952380953,0.31092436974789917
0.22429906542056074,0.30049261083743845,0.2619047619047619,0.21951219512195122,0.17777777777777778,0.2608695652173913,0.21634615384615385,0.3145539906103286,0.08379888268156424,0.15577889447236182,0.21348314606741572,0.125,0.15021459227467812,0.25888324873096447,0.24623115577889448,0.2512315270935961,0.21875,0.15517241379310345,0.2876712328767123,0.24170616113744076,0.22065727699530516,0.3118279569892473,1.0,0.22419928825622776,0.2760942760942761,0.3333333333333333,0.3148148148148148,0.21212121212121213,0.2950191570881226,0.24344569288389514,0.21973094170403587,0.20175438596491227,0.1935483870967742,0.18229166666666666,0.1795774647887324,0.13793103448275862,0.16756756756756758,0.25339366515837103,0.1523809523809524,0.27692307692307694,0.2011173184357542,0.2651162790697674,0.33183856502242154,0.319047619047619,0.23118279569892472,0.2985781990521327,0.10285714285714286,0.2346368715083799,0.2680851063829787,0.1881720430107527,0.2648648648648649,0.19170984455958548,0.30434782608695654,0.17412935323383086,0.17045454545454544,0.20603015075376885,0.16990291262135923,0.24390243902439024,0.20224719101123595,0.22777777777777777,0.2971698113207547,0.19680851063829788,0.22705314009661837,0.16853932584269662,0.19,0.3197969543147208,0.32456140350877194,0.25547445255474455,0.32272727272727275,0.2096069868995633,0.2903225806451613,0.1638418079096045,0.25943396226415094,0.18324607329842932,0.25,0.16853932584269662,0.17592592592592593
0.21100917431192662,0.23148148148148148,0.22477064220183487,0.22926829268292684,0.18141592920353983,0.2583732057416268,0.20853080568720378,0.2995391705069124,0.07692307692307693,0.14285714285714285,0.18478260869565216,0.12359550561797752,0.13445378151260504,0.2315270935960591,0.24378109452736318,0.24878048780487805,0.1919191919191919,0.1340782122905028,0.22413793103448276,0.2,0.2186046511627907,0.27461139896373055,0.22419928825622776,1.0,0.21337579617834396,0.2398190045248869,0.2222222222222222,0.21070234113712374,0.22743682310469315,0.21454545454545454,0.20175438596491227,0.22123893805309736,0.17894736842105263,0.18041237113402062,0.16206896551724137,0.12994350282485875,0.1595744680851064,0.2345132743362832,0.14018691588785046,0.22439024390243903,0.19230769230769232,0.23423423423423423,0.2669491525423729,0.26244343891402716,0.19689119170984457,0.23214285714285715,0.1016949152542373,0.17989417989417988,0.2345679012345679,0.16145833333333334,0.24210526315789474,0.1658291457286432,0.2538860103626943,0.16666666666666666,0.16853932584269662,0.1921182266009852,0.15165876777251186,0.20657276995305165,0.2,0.2185792349726776,0.23660714285714285,0.18229166666666666,0.2132701421800948,0.17318435754189945,0.20603015075376885,0.24761904761904763,0.22580645161290322,0.21403508771929824,0.2683982683982684,0.19230769230769232,0.2196969696969697,0.16201117318435754,0.19555555555555557,0.16923076923076924,0.1875,0.16022099447513813,0.1743119266055046
0.196,0.270042194092827,0.24793388429752067,0.22127659574468084,0.15267175572519084,0.24686192468619247,0.20833333333333334,0.2938775510204082,0.06451612903225806,0.12658227848101267,0.17674418604651163,0.10849056603773585,0.13382899628252787,0.21794871794871795,0.22317596566523606,0.2543103448275862,0.1782608695652174,0.13333333333333333,0.2608695652173913,0.24583333333333332,0.1975806451612903,0.2772727272727273,0.2760942760942761,0.21337579617834396,1.0,0.3093220338983051,0.2788844621513944,0.2367601246105919,0.2842465753424658,0.25084745762711863,0.21653543307086615,0.2054263565891473,0.16666666666666666,0.16299559471365638,0.19614147909967847,0.12440191387559808,0.15,0.26104417670682734,0.13414634146341464,0.26548672566371684,0.18867924528301888,0.2875,0.3522267206477733,0.2975206611570248,0.20361990950226244,0.2693877551020408,0.10047846889952153,0.2112676056338028,0.30859375,0.167420814479638,0.2488479262672811,0.1762114537444934,0.2706422018348624,0.17167381974248927,0.15714285714285714,0.1939655172413793,0.13934426229508196,0.2320675105485232,0.17289719626168223,0.2169811320754717,0.2839506172839506,0.17488789237668162,0.2074688796680498,0.15566037735849056,0.1853448275862069,0.32,0.3346456692913386,0.2828282828282828,0.3172690763052209,0.2265625,0.3271375464684015,0.15165876777251186,0.22580645161290322,0.14847161572052403,0.21030042918454936,0.13953488372093023,0.1686746987951807
0.2631578947368421,0.3287671232876712,0.3541666666666667,0.2857142857142857,0.2037037037037037,0.3356643356643357,0.27972027972027974,0.3815789473684211,0.11711711711711711,0.19402985074626866,0.26956521739130435,0.1743119266055046,0.17857142857142858,0.3383458646616541,0.2898550724637681,0.3142857142857143,0.30158730158730157,0.2018348623853211,0.3167701863354037,0.28859060402684567,0.26666666666666666,0.3700787401574803,0.3333333333333333,0.2398190045248869,0.3093220338983051,1.0,0.40789473684210525,0.25,0.34,0.29064039408866993,0.22424242424242424,0.2670807453416149,0.26666666666666666,0.2975206611570248,0.22685185185185186,0.21904761904761905,0.24786324786324787,0.35294117647058826,0.22857142857142856,0.42063492063492064,0.29464285714285715,0.3466666666666667,0.41875,0.38926174496644295,0.30327868852459017,0.3691275167785235,0.17142857142857143,0.32456140350877194,0.3333333333333333,0.24793388429752067,0.36666666666666664,0.25984251968503935,0.4049586776859504,0.22058823529411764,0.25925925925925924,0.25925925925925924,0.22142857142857142,0.3120567375886525,0.2743362831858407,0.3130434782608696,0.3576158940397351,0.2601626016260163,0.3049645390070922,0.24324324324324326,0.2631578947368421,0.39705882352941174,0.40606060606060607,0.2744186046511628,0.37267080745341613,0.2545454545454545,0.33689839572192515,0.23636363636363636,0.31333333333333335,0.2283464566929134,0.2867647058823529,0.24324324324324326,0.21052631578947367
0.25153374233128833,0.32051282051282054,0.34415584415584416,0.271523178807947,0.19653179190751446,0.3096774193548387,0.25806451612903225,0.35365853658536583,0.11475409836065574,0.20279720279720279,0.27419354838709675,0.16666666666666666,0.16666666666666666,0.3013698630136986,0.2751677852348993,0.31543624161073824,0.26618705035971224,0.19166666666666668,0.28735632183908044,0.2911392405063291,0.2546583850931677,0.37777777777777777,0.3148148148148148,0.2222222222222222,0.2788844621513944,0.40789473684210525,1.0,0.2689075630252101,0.2903225806451613,0.25688073394495414,0.2441860465116279,0.24855491329479767,0.24242424242424243,0.2158273381294964,0.2311111111111111,0.20689655172413793,0.2248062015503876,0.28823529411764703,0.19480519480519481,0.40441176470588236,0.28688524590163933,0.296969696969697,0.34269662921348315,0.3353658536585366,0.2857142857142857,0.3170731707317073,0.125,0.3252032520325203,0.31868131868131866,0.21641791044776118,0.3233082706766917,0.2112676056338028,0.3582089552238806,0.2191780821917808,0.26495726495726496,0.25517241379310346,0.2119205298013245,0.29605263157894735,0.2786885245901639,0.31451612903225806,0.3395061728395062,0.2556390977443609,0.28104575163398693,0.22950819672131148,0.2676056338028169,0.36486486486486486,0.31891891891891894,0.27111111111111114,0.3390804597701149,0.25862068965517243,0.3165829145728643,0.24369747899159663,0.2822085889570552,0.22627737226277372,0.272108843537415,0.21951219512195122,0.23270440251572327
0.21212121212121213,0.2422907488986784,0.23580786026200873,0.2072072072072072,0.1598360655737705,0.25675675675675674,0.21524663677130046,0.2956521739130435,0.07614213197969544,0.14285714285714285,0.19387755102040816,0.11917098445595854,0.1349206349206349,0.20361990950226244,0.23148148148148148,0.25925925925925924,0.18309859154929578,0.12307692307692308,0.21951219512195122,0.19148936170212766,0.19827586206896552,0.25961538461538464,0.21212121212121213,0.21070234113712374,0.2367601246105919,0.25,0.2689075630252101,1.0,0.23183391003460208,0.21107266435986158,0.1885245901639344,0.2320675105485232,0.18811881188118812,0.16666666666666666,0.19661016949152543,0.1368421052631579,0.14705882352941177,0.23430962343096234,0.12554112554112554,0.24186046511627907,0.19487179487179487,0.21338912133891214,0.2857142857142857,0.2553191489361702,0.1875,0.2425531914893617,0.08762886597938144,0.2131979695431472,0.234375,0.14903846153846154,0.22330097087378642,0.14285714285714285,0.2647058823529412,0.17592592592592593,0.17277486910994763,0.19444444444444445,0.14601769911504425,0.19736842105263158,0.20207253886010362,0.2193877551020408,0.22083333333333333,0.1796116504854369,0.18777292576419213,0.15897435897435896,0.20187793427230047,0.2579185520361991,0.2549019607843137,0.22297297297297297,0.2612244897959184,0.20408163265306123,0.23357664233576642,0.16062176165803108,0.1825726141078838,0.1674641148325359,0.19545454545454546,0.14720812182741116,0.19823788546255505
